Fold: 1 	 Test r2: 0.9257 	 Test Loss: 0.0036 	 Test MAE: 0.0412
Fold: 2 	 Test r2: 0.6829 	 Test Loss: 0.0208 	 Test MAE: 0.0659
Fold: 3 	 Test r2: 0.8958 	 Test Loss: 0.0044 	 Test MAE: 0.0394
Fold: 4 	 Test r2: 0.8320 	 Test Loss: 0.0067 	 Test MAE: 0.0569
Fold: 5 	 Test r2: 0.6696 	 Test Loss: 0.0132 	 Test MAE: 0.0668
Final avg. r2:  0.8011984546495177
Final avg. MSE: 0.00973623695897586
Final avg. MAE: 0.05402718655587661
R2: 0.8011984546495177 +- 0.0
MAE: 0.05402718655587661 +- 0.0
