Fold: 1 	 Test r2: 0.8985 	 Test Loss: 166.6469 	 Test MAE: 8.6857
Fold: 2 	 Test r2: 0.8642 	 Test Loss: 127.4757 	 Test MAE: 8.7874
Fold: 3 	 Test r2: 0.8975 	 Test Loss: 132.6360 	 Test MAE: 9.1577
Fold: 4 	 Test r2: 0.8612 	 Test Loss: 256.8321 	 Test MAE: 10.4890
Fold: 5 	 Test r2: 0.7792 	 Test Loss: 220.2798 	 Test MAE: 10.4389
Final avg. r2:  0.8601098410355409
Final avg. MSE: 180.77409404444896
Final avg. MAE: 9.511753126269294
R2: 0.8601098410355409 +- 0.0
MAE: 9.511753126269294 +- 0.0
