Fold: 1 	 Test r2: 0.8753 	 Test Loss: 165.0578 	 Test MAE: 8.6504
Fold: 2 	 Test r2: 0.7637 	 Test Loss: 414.0004 	 Test MAE: 13.5746
Fold: 3 	 Test r2: 0.8578 	 Test Loss: 194.0064 	 Test MAE: 10.3364
Fold: 4 	 Test r2: 0.9194 	 Test Loss: 105.4526 	 Test MAE: 7.6621
Fold: 5 	 Test r2: 0.9358 	 Test Loss: 86.1230 	 Test MAE: 7.0883
Final avg. r2:  0.8703910093750201
Final avg. MSE: 192.92805384993915
Final avg. MAE: 9.46238433122635
R2: 0.8703910093750201 +- 0.0
MAE: 9.46238433122635 +- 0.0
