Fold: 1 	 Test r2: 0.7751 	 Test Loss: 204.8994 	 Test MAE: 8.7128
Fold: 2 	 Test r2: 0.9273 	 Test Loss: 139.8538 	 Test MAE: 9.5481
Fold: 3 	 Test r2: 0.9183 	 Test Loss: 130.1533 	 Test MAE: 6.7561
Fold: 4 	 Test r2: 0.8299 	 Test Loss: 174.7683 	 Test MAE: 9.3335
Fold: 5 	 Test r2: 0.8491 	 Test Loss: 233.4955 	 Test MAE: 9.6281
Final avg. r2:  0.8599420925552292
Final avg. MSE: 176.6340840445349
Final avg. MAE: 8.79572076676857
R2: 0.8599420925552292 +- 0.0
MAE: 8.79572076676857 +- 0.0
