Fold: 1 	 Test r2: 0.9130 	 Test Loss: 153.5284 	 Test MAE: 9.6977
Fold: 2 	 Test r2: 0.7733 	 Test Loss: 362.3681 	 Test MAE: 12.1801
Fold: 3 	 Test r2: 0.8975 	 Test Loss: 114.6089 	 Test MAE: 7.8357
Fold: 4 	 Test r2: 0.7533 	 Test Loss: 394.3848 	 Test MAE: 14.8703
Fold: 5 	 Test r2: 0.7985 	 Test Loss: 167.2518 	 Test MAE: 9.4642
Final avg. r2:  0.8271218373107878
Final avg. MSE: 238.42839300388727
Final avg. MAE: 10.809577503942307
R2: 0.8271218373107878 +- 0.0
MAE: 10.809577503942307 +- 0.0
