Fold: 1 	 Test r2: 0.8472 	 Test Loss: 218.5594 	 Test MAE: 9.9176
Fold: 2 	 Test r2: 0.9188 	 Test Loss: 113.3923 	 Test MAE: 8.5318
Fold: 3 	 Test r2: 0.9473 	 Test Loss: 79.1795 	 Test MAE: 6.3797
Fold: 4 	 Test r2: 0.8637 	 Test Loss: 119.1724 	 Test MAE: 8.9331
Fold: 5 	 Test r2: 0.8089 	 Test Loss: 345.2632 	 Test MAE: 12.2981
Final avg. r2:  0.8771663228092278
Final avg. MSE: 175.11336069430916
Final avg. MAE: 9.212038292771293
R2: 0.8771663228092278 +- 0.0
MAE: 9.212038292771293 +- 0.0
