Fold: 1 	 Test r2: 0.9012 	 Test Loss: 155.6895 	 Test MAE: 9.0959
Fold: 2 	 Test r2: 0.4313 	 Test Loss: 470.0066 	 Test MAE: 14.7469
Fold: 3 	 Test r2: 0.9087 	 Test Loss: 128.9881 	 Test MAE: 8.7863
Fold: 4 	 Test r2: 0.8444 	 Test Loss: 281.2920 	 Test MAE: 12.4783
Fold: 5 	 Test r2: 0.8877 	 Test Loss: 123.3974 	 Test MAE: 8.0874
Final avg. r2:  0.794650680522773
Final avg. MSE: 231.8747146875503
Final avg. MAE: 10.638992873827616
R2: 0.794650680522773 +- 0.0
MAE: 10.638992873827616 +- 0.0
